80828
47153
22046
86829
42870
11968
64015
13984
39135
82742
55966
49302
11920
6707
16304
72876
8325
8856
78213
90185
50442
40733
79179
12254
20991
15140
70165
68601
46160
59034
42173
55844
76109
44874
80671
73638
21954
71407
81938
2273
77608
57727
6926
59984
90636
4835
27177
92084
240
50894
14632
94911
95395
91822
30310
40103
6510
75601
72723
9508
49518
21523
69361
21382
29428
99374
68117
23767
26770
44548
66014
44697
80034
4633
50088
10261
9917
46860
73569
30480
44567
53898
77321
55125
1339
25133
18594
15837
86230
25145
96811
15832
40490
44133
99292
59601
86360
904
28614
46303
51840
21987
87333
42161
56342
69453
66664
12868
24980
74550
47510
35113
3022
60417
23781
38210
13769
24183
1143
53816
62436
85744
84250
77602
42027
20695
23505
96768
60641
96763
80662
73260
13152
82457
98879
56220
96798
28446
14796
8156
63170
77693
30292
70840
53479
11680
47721
86026
76035
30249
2064
92429
14700
85015
39909
72378
22286
13467
68643
22055
28693
59616
37045
53584
86559
93835
20465
1093
94286
19148
77560
87282
74575
18085
32375
9564
20796
71606
24334
4342
1894
30967
37397
5351
37731
14982
79925
79195
26353
35151
92580
90350
66521
57320
97111
37816
98546
69121
99837
48642
80671
70682
30863
21559
3396
94088
34629
76436
19364
99877
66658
78863
86547
3530
98166
38857
49605
81738
21756
91284
46656
92503
21797
84681
79754
43693
23322
43576
459
66160
42049
7359
31856
15965
97976
59708
55932
74299
70572
56991
77176
30959
44999
74466
22239
71320
67604
94003
19051
88774
6224
53847
33895
65245
74308
16059
4550
10991
26325
36218
55080
92062
10469
77223
27756
43665
22902
54992
64117
9788
71236
75441
41915
51358
36228
45209
79708
28042
76594
89051
44535
50102
40380
11788
52112
51688
33937
57501
19312
41751
72497
8343
50927
84968
38774
23018
32933
32464
92008
57889
95600
25695
2793
50041
62254
70134
34988
7658
12653
18827
96895
95315
7701
17466
42506
12943
41533
39865
33577
63486
31760
81104
92106
81629
35387
28077
1021
52835
9710
56636
40820
87249
74906
35311
88231
34196
45768
14323
91661
93412
5947
68729
64287
64939
7174
3307
6013
33965
27973
19797
4034
58711
913
51383
33788
42679
93872
91478
87899
59104
59288
82252
42323
3122
29222
8233
65031
90844
94017
11572
55312
31219
74137
74217
23263
90593
95707
31538
69558
15448
20823
14190
42429
31617
76901
6599
56974
99298
43345
5933
8334
14156
68702
12039
94589
14068
36783
88003
94937
91920
42307
48759
6678
75474
77034
25831
87232
43531
29379
60498
51473
31547
49348
22567
53327
3323
5157
99027
49277
51344
3814
98996
20692
65298
97927
55697
20705
31225
25165
44469
98482
44461
26234
81665
7043
84638
10807
78663
23481
34080
64093
36609
57485
529
21800
72403
29347
26351
69189
46776
91351
69967
47081
73646
71286
35106
67031
20131
30670
91988
75501
97994
33167
86151
7084
57792
3735
1360
76175
23374
4735
97639
36844
82069
89417
62919
53012
85684
65986
91470
94863
99556
37904
94974
36738
42042
39922
27867
16438
47737
90935
63252
10140
86704
86661
5135
14384
58853
12041
56922
22569
53001
26697
43774
28588
35559
7109
55382
76186
34250
96228
63369
68201
77926
2389
78525
9917
53873
26404
23828
89600
34300
68812
82228
73043
50425
85579
48439
27629
66896
5832
96731
5504
14760
11873
13579
34474
30630
99728
86279
97475
31180
1893
77854
22572
64536
99230
32554
99285
81323
21703
52188
61398
22179
96976
23371
27825
67997
67446
87297
6775
79597
14100
4514
2181
10592
19756
82433
23905
86807
75962
84230
85251
12109
59014
30229
7985
72349
63146
88592
50252
80257
11666
67610
49661
67762
94931
5882
48733
4633
59390
55144
38605
94062
21620
86883
95530
42965
29827
34188
93451
68444
24078
42355
8925
80799
40831
64080
91223
31060
70884
95728
4374
20032
74955
2133
51860
43554
24022
7382
56207
7300
47006
59775
85495
35126
46879
87180
31356
9320
65647
9921
20200
63115
20635
6886
62409
58638
82114
16443
94484
95056
40
29243
68951
82143
89379
71118
2241
37356
9806
66120
90396
43526
31809
20783
640
20639
50172
91792
15804
20782
44126
18592
70696
34758
40147
92106
93477
43703
89221
52868
53903
66590
15652
39206
69255
90275
81830
62044
24970
43574
20488
70236
17878
83461
77596
95559
98926
14898
32655
69443
51873
90104
64001
93645
51320
34112
79274
39877
79330
62393
25543
94540
79540
39308
96868
58668
40278
29448
44503
39610
45566
43100
30534
93388
28003
4935
97848
6682
20107
98842
53983
64047
87895
30879
20112
11006
34131
87658
98349
57840
97770
73156
76311
31838
94434
92033
65125
35063
32428
9042
57915
76659
882
21123
91327
95096
5225
23821
84705
14251
52809
30231
21275
38952
93257
62323
29694
28935
33209
25536
8771
97997
74433
30395
8161
75104
33592
28688
63867
90527
64208
92649
32431
7998
75067
37062
52020
25413
48431
1028
81409
69578
66834
80517
61802
72164
46713
67494
49049
46629
28636
72502
50524
73688
9407
52544
70852
15237
46219
36157
29474
91458
68427
37425
19287
64585
64888
67815
89446
32152
19799
47693
35931
49213
15345
95708
90222
88299
70457
85912
95327
44831
34437
19699
5436
82016
35599
77258
28487
10786
75897
76568
48962
57601
71222
54354
71420
31427
92606
14775
27043
56197
5522
51235
16561
25480
98786
25712
46033
35980
79226
30944
24507
67733
39714
71167
13253
31852
70828
39799
10279
44630
68928
73545
95169
60240
24800
45497
96733
3065
12049
4135
33722
97340
64337
38998
93794
65680
67191
29708
86245
51695
68311
57073
10015
54877
1457
13437
76785
47678
60192
93909
83601
84449
34861
48959
5506
54754
94854
53894
24382
67053
58864
11712
16453
41360
34724
56258
45147
11632
78212
2302
26282
88087
15983
73882
12326
14096
41856
33229
59232
62142
99590
90147
88284
71542
7190
70312
51378
35879
98865
33511
23053
87682
50501
55730
23659
34297
17179
28460
25329
88885
37809
61040
42155
42989
46464
22016
32442
7780
13153
99071
34177
319
41559
35476
49694
21076
77314
41251
8199
60039
61896
46969
7008
44915
65427
68698
57607
42527
8158
36444
76359
41193
16284
23866
77128
56568
99799
54476
25922
31577
56900
78368
10447
74280
32820
73012
79131
57766
42818
43263
81938
80800
46200
42080
30839
19253
