70262
92352
18716
6837
65908
86154
59267
74633
4315
51261
11576
41577
66800
23908
2171
80868
6661
5013
40178
45381
81563
8125
55635
56030
2881
77453
1214
29160
97178
13607
34057
60699
1499
20468
31401
92815
53774
35643
68562
97324
83861
92309
9904
22267
35540
66962
36951
61680
82516
46535
78827
89439
34791
50400
74409
84571
18205
29110
31649
41962
56081
28512
94068
18172
80964
56553
60371
73369
77007
74151
94859
73088
43902
27339
64450
74723
15058
24788
49418
91557
94802
42493
54199
31725
59382
41521
21882
4153
46518
91869
59853
92731
78569
78888
3683
2743
33274
58404
90957
14986
39421
10989
15031
64853
4560
44859
96414
98218
37673
87575
87333
31858
99962
80662
8653
84581
77208
46075
31198
67613
19787
68819
85952
67925
30643
26716
88421
60386
94457
59222
63320
65250
18972
24569
25788
76313
9707
59133
1710
30902
4733
55678
69682
10038
56620
73181
21006
92482
7400
94918
50873
63139
91337
92302
64068
19901
33083
38220
9903
47970
24134
75004
52044
86796
12152
45904
79474
3389
93987
46021
22024
6904
55817
12248
77532
42748
37393
12828
13948
44520
38567
87357
47067
71823
14064
37042
58902
66956
21626
36482
80769
41744
94647
43587
85120
54384
12988
87423
95858
67576
55218
96255
84861
97873
25643
49963
3722
59369
79557
3723
4498
10156
9813
48894
55514
1008
7685
89486
43319
96874
39415
98917
36443
33345
81187
44469
111
54203
26232
44158
71793
22125
18413
31773
21918
81604
69261
54942
78614
41140
85944
84249
57511
12701
82498
49719
46318
49016
96271
7684
9172
92480
13989
97191
46383
5581
60308
69151
5856
52489
92175
99100
29692
16459
71477
95423
71408
50931
39377
12655
21668
65213
21997
51770
98520
94225
66603
47959
67371
1940
66655
48567
97725
10874
20362
82943
48115
79952
41114
27082
41660
54975
62169
89016
68190
12395
70700
89219
96851
99674
37798
96514
83946
99909
90169
96916
47043
92938
64198
75265
25948
34313
65055
32137
65964
16638
18016
8289
31299
58868
85250
95945
72140
93367
90793
63047
83689
76592
60992
20613
13848
33715
648
8828
95454
47790
56626
50258
18302
10491
76226
67257
49529
11073
20429
41723
10590
59799
72770
30324
12071
88913
71191
24545
26460
46701
85769
74921
79545
13762
97910
36614
74712
60407
28179
12221
56643
4774
90718
6292
9584
65702
94386
81179
33409
62465
80463
41378
6468
75068
90636
59205
60944
25161
60329
47770
38636
47339
2918
34547
53121
25118
66210
78930
81164
58103
39387
34821
25347
80708
19270
26560
62569
34374
75611
72176
26635
59500
75811
66602
28460
40005
38047
77489
69879
26711
23118
36415
78707
76278
39708
80340
15992
71871
89338
11967
38094
45434
13654
91546
99697
83738
25567
32456
86954
893
20321
63638
87310
97421
32561
75455
52219
32377
73705
93371
24380
27749
53106
93164
76099
67583
47638
23262
11064
59945
57103
48703
25296
64080
68774
81184
12505
751
81814
51000
62351
869
85396
35204
24805
5971
78130
81522
69654
30990
69948
1871
50946
91080
76888
99403
92380
96902
47087
90399
42112
25374
54767
31542
96179
97231
75305
11171
31870
5354
56536
1490
64291
2525
37888
81922
95559
44346
66663
49283
79489
67426
51926
96988
31186
47915
78953
64556
11538
87784
29944
12487
13231
38621
99357
64729
28245
15423
41158
24603
99197
25468
91586
56103
38831
14428
31261
36961
21153
88641
57389
36388
41720
55128
49120
23840
42600
59274
30567
61500
27840
55063
23006
35936
19399
95668
86817
22200
65574
52646
97031
90831
92599
27916
9093
17452
13621
74537
14681
34964
55236
45210
5191
87535
14619
15199
40919
18806
90552
24878
72746
87052
67500
76731
48836
15997
32469
28043
51587
59634
54495
49262
8193
57276
85606
67695
18416
5259
86156
5081
77440
22245
25040
87148
77060
13699
77617
11392
50533
21576
72076
57959
64679
13345
17180
77217
93230
77756
29822
67801
15026
75057
80405
22835
95504
13343
81914
62806
41427
22433
24939
57072
16055
71015
35529
12043
66220
74157
46121
80496
69719
85231
93432
71809
8349
40103
23966
74428
51077
96624
25868
54464
29791
7501
15694
85117
3606
28810
90294
83722
24819
10001
43764
53012
84274
66217
7018
11137
58050
47957
40196
7743
89602
29185
43992
6828
67421
30187
63665
31486
38664
61942
4276
16030
40264
63427
7632
20260
22046
72394
86985
89970
7123
69661
529
80624
38083
82185
21722
14035
1224
84505
41244
99568
56455
28208
5518
79756
29406
87756
96883
86511
10360
71309
86863
51432
43103
71624
71668
34973
34617
88594
91154
91115
28553
31597
47021
56476
59007
70127
35039
91984
29855
2079
93538
93420
92824
4354
98528
10829
72568
10210
18056
3546
35652
15442
43301
96224
62920
50800
7041
60442
36806
97977
91336
75443
96754
98466
38123
83664
98021
15598
76634
14602
93377
8687
13685
4034
7690
40589
18902
63415
82126
69308
87260
89264
87939
34183
40540
33909
20982
40044
43728
75378
38153
90613
13049
10934
47190
96478
6717
50417
74982
47661
41648
16130
38911
24529
46295
13022
78764
39491
18281
18156
35939
42243
27722
93546
89922
86323
70907
45778
33486
27917
29307
59578
9694
6156
53441
2048
66750
7544
31026
86134
43027
14967
81075
17542
30036
6015
267
73306
65746
99721
38933
45875
73299
75790
61682
61082
85257
26860
98450
78808
50253
58014
45410
20450
47598
11837
3803
256
98173
59487
80241
92566
51403
25109
76428
3903
58945
31577
1161
44334
16192
25742
79552
30066
12098
21183
13509
53359
4795
32500
85106
70877
2308
65871
28605
91830
85314
61752
39346
86943
8293
79695
94685
67016
17851
26782
53516
95073
65180
71030
62289
27670
30445
55789
62035
44401
44011
15025
70192
87851
54994
1163
52677
33911
34728
17054
67200
17518
64186
16816
70472
23198
16047
67922
61343
89313
94989
64108
5488
77396
3581
89839
76840
78757
56870
40945
42399
79634
90539
33915
93866
28551
25214
62483
1877
16474
39408
7926
79602
68351
84303
57839
68594
88950
4618
70878
42881
85431
71274
5070
22609
22227
90543
6008
16656
49674
78815
96539
33342
38036
53882
84851
33677
63854
81101
98174
89213
27520
12004
725
64292
13835
79467
91299
42233
17181
50765
16835
98413
42677
16554
65314
53279
4569
54527
37118
62647
68929
91037
7900
34872
64143
92128
20485
89843
17376
18610
83978
44336
