29564
49611
61203
30872
85139
78444
12149
55606
37269
8807
17251
25915
31863
17769
39210
93581
68397
21807
9915
98880
91513
40208
36696
98986
32384
511
19622
45323
19902
1351
15334
73950
14020
72297
54847
21746
96479
48725
7283
17639
37525
17875
90570
76209
60959
70203
8778
15250
96029
9822
87332
32689
14434
27438
40349
69633
44972
23319
52202
54797
66149
57627
33122
12871
4624
62712
63251
84680
10515
61019
47046
40111
84132
96873
58526
32657
22580
51478
7417
2452
8512
53944
93593
39409
50729
26435
41209
17851
64099
45700
22293
81886
92468
43480
49887
52976
96759
1082
1986
3088
10094
47965
92349
15487
31521
15477
68840
64906
41526
2681
14480
10262
83739
31661
45908
19759
4734
69716
42027
20022
47632
80904
9325
25946
89277
80524
16314
19874
91746
52099
63605
9681
10480
62834
62774
92259
54566
82645
63878
46594
37417
10534
15771
69815
24985
75053
24673
6345
1535
68387
56240
27890
58730
73658
42486
74481
92316
7488
33962
27561
65928
22468
69971
33615
63933
98694
92541
88169
40843
90404
35415
18539
89615
28338
53166
18009
58302
44184
31217
52307
73240
99083
59454
66406
49293
2159
57845
90534
22647
67964
68689
30460
54475
41047
27133
97157
46391
13462
43303
12857
1045
70040
76808
69628
90614
32080
39449
37200
474
60649
79948
50376
39562
7452
4178
59374
26428
20644
4284
87091
80369
94712
50781
52219
7697
92729
56142
38506
7130
23265
95823
71276
71488
28450
7629
56486
61856
56447
53178
73087
6660
35364
23430
51983
33484
39165
40514
6588
58684
79402
5513
64935
73007
551
70126
62170
96545
48608
22996
28287
90024
41895
19236
89805
24586
95709
95327
29623
62939
26099
2331
678
49254
6388
39105
60305
5582
78180
85481
23534
39506
35207
61441
17556
92650
98802
99953
37453
94359
83395
49492
61940
99104
56161
49846
27033
73813
32623
9475
43550
61289
71008
42453
35053
7868
41250
43027
28847
60980
56169
11969
49042
86240
65370
15554
88532
37917
18338
14484
47554
37059
37459
36934
50600
5995
7552
91509
79003
45786
46560
55735
42325
29541
33695
2519
23804
11868
78556
1331
14179
97519
99191
55849
89057
69758
90543
82581
28897
75874
77581
74553
10594
77399
47698
4034
8094
66878
57128
85249
94533
50926
24445
56438
29795
74506
5109
94022
42028
58019
79701
11650
91694
46334
50484
46394
13559
86102
2265
29307
39827
66525
74037
81699
50488
13389
88697
85337
2026
96969
51643
30058
74373
51813
42729
23747
24063
99964
84434
58490
17285
86294
82334
53790
94173
96622
38991
61662
62408
4267
71409
86816
89868
95208
95600
61204
5070
6435
2584
8262
58187
79837
34515
23558
89468
70544
7728
71423
37190
91987
77882
96725
60610
75402
96181
4060
50852
49461
9273
15996
88705
80235
8472
63827
5439
3972
19898
99403
27451
60463
33092
83437
2756
4147
90017
7813
22891
1069
21636
29673
41295
88450
60157
91948
56197
68326
2806
81488
83383
49041
8490
38117
36758
37537
36602
70351
56164
4061
81199
58834
11630
92938
46923
60431
67083
26546
41482
63879
50558
28555
96200
6835
3967
95529
90643
12031
8303
35896
83803
20632
7410
81704
47028
81473
70812
47557
73694
34197
36222
44021
54875
22780
25820
68466
15354
83307
54990
59585
77288
40494
48129
35577
83787
13369
5953
42897
1024
18471
16798
18057
36023
72461
64936
27899
69686
45838
21411
32612
42871
1344
81826
7875
71492
43094
91465
80347
74214
26228
1258
57623
87171
79482
38127
2407
43104
16477
50761
51959
55851
63841
73151
68948
19283
94511
40057
11353
7552
3194
4678
98467
27540
90733
25431
43233
27223
26228
64595
70915
93938
27510
84182
30202
6958
31560
13999
77111
25193
93867
26743
43199
17356
91925
14396
65239
71656
69247
7753
63469
1937
43325
31125
68665
18126
24331
93743
97954
44443
1537
50195
2206
26381
91761
68744
28184
93879
79128
27417
95710
19499
74336
74085
57313
34633
2109
24693
83528
34919
81932
64568
7973
73871
75828
60677
43559
46423
2302
62101
34328
78410
33850
99100
7823
4638
84689
50546
60047
6118
79142
52268
55676
10112
80805
2320
15939
55517
31351
77961
11895
86222
73307
20106
76181
43657
98214
30182
11404
70103
61240
55524
70186
60444
89445
87673
86891
50207
79914
57683
21552
89526
38394
77849
83457
81760
84927
20640
92502
81065
39894
47046
47164
32641
69956
33372
79323
40897
5918
33701
66950
38924
52446
39648
44532
60320
88205
30951
44382
58275
55695
46307
8263
86040
25262
59550
32186
28853
46170
62105
6866
21869
26718
64692
44523
83603
78486
37250
44683
49282
30960
25068
34487
62059
74999
66240
61515
70792
1410
95770
92607
45379
56876
11290
54548
30020
37698
74903
22324
82163
34403
208
42919
77314
10806
10191
69345
28051
31898
32139
32863
50453
2203
16801
49746
3847
65856
45987
21013
27770
96831
53439
89161
96776
32727
2009
1501
23279
24737
771
36105
82885
26868
80329
56893
25303
43979
16714
35500
71412
60325
32289
25945
71838
50618
45478
92570
8394
68433
88358
36873
90544
98802
57303
86294
28925
35845
41465
22652
61208
97077
60156
74532
99350
4751
43561
20247
93700
3678
50376
48904
77669
90410
13510
53220
51440
88454
10047
41386
89318
78129
55724
59706
12888
77221
3836
45708
9130
23131
98313
99213
25045
88874
68630
70728
43810
55088
52493
74712
31806
6673
85122
7855
54707
28140
45865
39742
23832
76567
86472
55009
17135
36261
2246
52060
10819
8752
52021
87118
50794
56774
7116
52667
63316
29907
9096
56663
73311
7940
56728
83151
17044
58977
26920
40177
68954
52040
66187
42046
51979
34475
1637
77929
99862
87161
40580
63288
76364
92886
49319
71668
3480
99703
52426
22038
40091
87982
65057
4246
45954
76041
99539
19893
78916
39009
77367
42035
36947
61466
46779
19289
41886
50316
3490
39642
51188
40345
26575
453
93204
29982
12887
33493
98115
12565
21023
51628
58276
21657
30021
25944
56805
19070
93815
73205
33118
44254
6818
64835
60574
77427
64286
30308
25361
1251
39599
24130
99304
1088
14179
892
50817
68826
46833
28193
83966
65796
52478
78156
80230
76200
44753
96854
14160
89809
61099
86245
5977
86858
38959
13870
47101
36454
59364
76186
35842
19376
60353
22014
66105
95820
79421
18563
58802
97414
8156
41072
71283
1221
85656
74926
89302
65891
19417
