13600
34858
72213
83043
76751
53193
54920
67523
79335
72104
70385
62268
23060
31569
79763
52729
36731
81278
35040
19118
47612
64429
73116
59067
50553
1511
89869
1562
13406
32828
82954
74433
4639
23729
37568
40033
53938
5202
70980
40728
13642
51126
54643
33293
42975
31611
87373
55090
21160
73100
29274
79506
13261
41554
47021
44962
22466
10197
71868
60693
81408
69764
21060
27003
73959
39774
86469
26341
32933
43603
92055
66019
51937
9450
24489
21353
93322
29536
65821
73009
97485
62753
73442
25349
56054
49641
50298
27274
43061
92112
53150
10149
17440
22759
31752
81155
14343
22636
92849
3167
9926
12449
32300
8653
3712
58282
396
80440
139
30359
99496
1277
26647
27691
65810
21175
7477
89433
43243
80964
58702
73051
17617
227
74138
66093
86975
63162
61078
35883
28068
86032
31910
14766
47792
92752
21335
16925
79916
16405
28364
16788
33811
45886
63037
7651
18101
5030
10160
90505
80559
85967
12616
66580
83791
47676
67367
45850
29869
23933
68033
10911
30595
34167
43170
15372
9193
37517
78799
26888
70509
64995
6328
34322
94894
44943
63102
79364
37935
10565
92573
73490
2187
23652
133
32074
82930
36945
47497
46889
49767
29261
82251
7920
1051
54217
53144
46091
53627
96558
35878
16549
51283
98478
94869
67098
46744
82358
19803
91846
74272
76744
55692
71370
20215
71905
60957
42905
82364
92266
36572
50179
80261
67977
82769
22181
61838
43030
26215
82705
12670
44032
14999
33194
14516
36054
36912
34170
32923
31950
59223
89610
42540
55639
17264
24265
55564
33499
22140
36750
94796
3220
39598
58145
37409
71024
75355
84972
22569
87679
27874
94264
34311
49482
25778
18937
33438
88730
55328
15330
20666
64435
1871
96330
5881
83544
1750
30380
48349
69336
65091
43482
69686
16628
26254
8238
83223
5285
40417
35761
3872
99399
72339
6068
22042
60981
96115
12020
90367
84280
65825
67487
22127
89531
35806
92337
39130
9379
35839
38269
14137
95833
8136
96019
6598
34858
84939
44254
90619
22503
77990
60568
11461
82364
34004
97870
52918
7772
71326
75518
81351
46199
55882
57953
40164
61203
17883
31760
5363
935
81686
95086
50564
19534
12198
77688
16683
28867
25333
91061
25403
16811
58267
4163
76119
61210
45127
96726
96694
40379
97170
56560
85344
16684
14877
98009
56263
46926
56365
61228
93169
25902
72322
74780
86822
91396
68647
8555
75598
25714
52246
31385
35953
50546
46397
65309
70718
11622
78858
45625
6309
40350
68323
36790
75922
84038
1043
32000
4376
48207
85217
6988
40435
13704
75767
43360
33700
41948
17649
13207
56070
10747
1926
10013
68508
62500
50169
42776
19368
35578
26491
60365
882
63791
53562
81667
79994
99973
95893
47070
97132
55053
17599
57060
49023
47400
14030
14490
62891
26163
36796
81366
95344
73361
22711
40802
4928
38520
44227
6223
11764
9608
60194
69811
88658
40219
34869
88035
8574
48374
91798
11666
37639
83380
91565
51592
5528
28411
28506
83994
28406
82830
14930
59585
90916
72166
20145
96509
49989
75362
47287
56218
70138
60356
75514
74557
14391
94076
53449
57596
74641
91889
60909
79051
30701
6543
2292
37178
59165
36624
36602
59750
84944
34138
60948
19744
51912
38601
64736
11791
21986
99390
58346
93422
29518
34732
55921
77098
87083
93029
66728
21823
68100
70550
106
72913
87948
54891
91179
43771
24903
49836
63316
74781
40356
28740
58714
67127
57140
73758
92124
91264
61803
31763
4944
78241
30037
31463
11257
50020
44537
47646
36318
98145
74017
22726
81857
97070
33649
3802
3920
20596
70922
9769
15092
54254
78492
85192
53629
93230
60874
46417
20425
72674
19944
63741
80967
92486
26224
53299
86354
99820
21646
44352
95194
68788
93889
84096
26897
56439
84961
4839
42746
29687
84386
17812
49655
801
24146
90089
15769
71148
49258
53514
40228
65779
45589
36256
96673
87381
26315
94277
24929
42311
73395
33885
16363
44543
53511
15944
58975
30559
28190
10850
85759
57256
84111
42659
1018
30313
15186
31341
9498
98433
1376
53648
7761
9025
97411
39792
22635
87065
38800
83155
33368
36674
5914
61602
37670
38635
51903
57710
57304
2704
62662
60152
37837
60898
3761
23753
74833
54878
12041
45396
22122
95480
29007
57040
63749
37756
86475
24462
66857
94349
338
80751
89083
56040
39734
44570
60937
68811
12949
35375
38795
92938
40894
31261
44295
12811
14762
78479
19629
33763
36479
32532
37752
82402
31741
94192
40504
40957
98975
98473
29443
59987
45805
18703
25480
99044
55897
14001
31923
81212
57998
10542
30858
89100
23498
64659
11013
63289
8180
73221
87497
38489
67670
73949
99817
17311
31278
59866
27809
81509
33618
25781
93622
82978
51486
12248
41690
42864
45515
67044
22661
4377
41529
5634
89213
15970
18528
20712
69562
28693
24289
58146
9722
21438
7503
751
75030
52075
66906
50383
2263
21532
25917
9351
34360
17920
5583
52893
57422
73498
98523
60341
82249
25233
28023
27029
19428
12386
40275
2208
76268
52541
41200
61569
38621
48910
14706
21619
89815
1842
11194
13542
9934
14447
93247
56155
74572
11859
96126
58697
17026
91301
29931
81993
56925
72996
64053
16708
63873
9740
91677
28077
63024
78287
87460
46794
95560
58911
23899
4873
90804
40668
82188
72038
731
3636
58412
7128
64187
32639
84202
74557
97619
64688
66359
38558
52395
14292
59453
22356
35704
65391
10459
9820
90567
24073
95912
16444
36610
82769
4339
7119
3206
3847
2395
75387
53083
15808
68570
26262
13192
10724
24826
12700
79922
95015
58198
92357
62934
24338
98333
11486
62726
97614
79458
2302
67434
93302
16626
69816
80567
65920
20317
21242
99265
73501
28118
47938
28235
96084
78324
87643
64038
39288
45664
52012
83006
57163
98800
69
55104
17527
17869
76621
53200
31857
42419
82446
82648
96615
56445
81408
26856
39716
93600
30466
29761
20127
7532
10725
99404
82102
40150
44904
51075
27683
90821
83124
67898
90669
64031
7069
40725
1791
52676
58473
73136
18281
33171
64660
13642
16958
66666
314
36438
14099
72427
29049
47950
57007
31720
62034
75056
18934
57628
85233
86539
7526
8161
42722
26386
30126
48871
55954
15005
78361
16364
49643
57389
112
35443
6298
14642
91455
27425
54396
43153
67278
2498
75992
29715
18501
67767
99356
73204
2876
77284
90703
64264
87342
80535
15154
2843
87566
81458
86561
